400
0 0.480187222852 1.4220225052 -0.203271923021 1.24114239414 -0.882743953659 -1.04857016702 2.86074482209
1 -1.25968630239 -1.45806511027 0.568521285429 0.411571965644 -1.23820310681 1.39007759194 -2.57495870227
2 -2.32842346552 -0.917707768853 1.98823372766 1.74455574565 1.74277202548 1.58414368671 -1.96818124989
3 -2.5624902651 -1.91152242961 0.81488357738 1.16937676378 0.32122825907 -0.80028725939 1.1710408546
4 0.97163477748 0.31751881953 -2.11400416071 0.398580467516 -1.73591797366 -1.62596071898 -2.93483316131
5 -0.64471973046 -0.0647091068968 -1.04788582048 0.203946604825 0.0195516430893 -1.6240546236 2.70970951435
6 2.58983710935 1.58104723096 0.247892372996 1.11091440648 -1.71953065127 0.615525045771 -2.7096783271
7 2.28691487678 1.56709920977 -0.597573714248 1.32863446581 -0.316833349299 0.261230404532 -1.24768718317
8 2.39470557224 0.427384487906 -0.94576734325 0.713272323594 -1.55100377097 -0.512245239125 2.61885034713
9 0.649544026217 1.97428648992 2.01210227217 0.497820019215 -2.94345136303 1.08830242117 -2.82633472384
10 -2.29110325317 -1.70321276197 -1.96171982857 0.92481786481 -1.82016227838 1.42257469984 -2.25181242149
11 2.34019555659 1.84017665597 -0.0881954220595 0.526692642844 0.394001840966 1.36593362206 -1.49715151516
12 2.19247344853 -0.0481614606599 -2.12804725934 1.92506667638 -0.0741849922844 0.742528782606 0.670961414123
13 0.288530848143 -1.21688777255 2.64404203404 1.72954256085 0.173762516256 1.4558207453 -1.50075014697
14 2.19569037237 0.407001948386 2.18076277065 0.204221540496 0.819089019412 1.8244791374 0.709202473431
15 2.57882999105 0.32264330213 2.94550798272 0.310462110946 0.0392258683976 0.332516750193 0.497082148849
16 -0.317491949054 -1.44675410478 0.503331876797 1.81155635216 -2.74950891112 -0.757798598238 -1.34055514296
17 2.91090187881 1.28519152205 1.47705856952 0.733468038569 0.267370726469 0.948893233289 1.9709395306
18 1.24339523491 0.833313774726 -2.88362963206 1.45289739217 -1.85782096215 1.48770767013 2.93074087655
19 -0.77371979478 -1.96451775062 0.674921116798 0.864306240466 -1.43378081274 -2.00414982048 0.676005393898
20 -0.102821220027 -0.269189311255 1.48569048169 0.404212439221 -2.35082244932 1.36077058189 1.92810939192
21 -0.12528650731 1.40029099191 -2.51564387661 0.223852489234 -1.60393940537 -1.53620918328 -0.913062953946
22 2.19329207357 0.317190159902 -1.17590654468 1.73243394459 -0.32435846452 -0.494665642509 0.433210938014
23 -2.81006630745 -1.45458995669 -1.30623102553 0.485967411283 -2.43221349077 0.033558469341 -2.80686333792
24 2.54944358112 0.548187130012 0.000643775347881 0.809396845972 -1.99841268909 1.69158100689 -1.95655591657
25 -2.39423737632 1.01237157323 1.13232234419 1.24279190601 -1.72398330138 1.32022338676 -2.41123407727
26 -0.667704686162 -0.975073555186 -1.34108869603 1.74604080299 2.20429910496 1.53126875428 -0.574665400964
27 -2.59016783888 -0.6957555246 -0.27532373016 1.38152716486 0.399050380163 1.34984264034 0.849957573448
28 2.79957362855 -0.546708900518 1.3390493592 0.285308960446 -1.15641375688 0.00684853296167 -0.819422057217
29 -0.217096648624 -0.649198056054 -2.09435540423 2.23949097441 -1.53834947514 0.866227461244 1.65389478749
30 -2.55772874796 -1.81746686204 -2.27559506645 0.937019582978 2.79066727386 -0.063839863507 -0.989791877803
31 -2.77969473491 -1.80987504086 -0.841175615569 1.67686908837 2.93269567184 0.70982978751 2.0235231404
32 -2.81561742571 -1.64345542045 1.2770486281 0.658440254268 -1.6237315848 1.67715470049 1.0083990617
33 1.21410320513 0.568821674444 0.371392961168 0.657879211308 1.74038034267 -1.54641005891 -1.07535212719
34 0.332737896372 0.203967089069 2.58957473134 0.917265161978 -0.0250301479627 -1.67854090308 -0.248569178966
35 -0.0640300671336 0.748731691868 -2.18363346715 0.702811400232 -2.30277815511 1.88018826823 -1.5770719492
36 -1.73850949936 -1.12879021155 -2.60345708638 0.222332877986 -0.741311284102 1.69487285805 -0.0162666538228
37 0.436666180717 1.44725484755 -0.00466587150756 1.39705853735 -1.566846797 -0.432343350968 2.89067952011
38 -0.285236343305 -0.475420724983 -0.119756376331 1.22952237343 -2.77383219688 -1.31256351177 -2.66912887854
39 2.95329348274 -1.84200639246 -2.78832205702 1.70281108859 1.65888812903 0.181958114811 -0.524918516833
40 -0.766056418494 -0.886834152781 0.891116895137 1.54769823396 -2.43192170681 -0.109593856425 -0.306451144532
41 1.86496260926 0.256081183408 -2.92211235038 1.93516269722 2.39461636873 -1.73991567138 2.43784754493
42 -1.18178396059 -1.18570138703 2.79927265364 1.18339630654 0.377897562597 0.610286050302 -1.65201326253
43 -2.25019393668 -0.444072273919 -0.335483236147 1.03847182425 0.10865150708 -0.80231677114 -2.82598735661
44 -0.0554646460976 0.0172553288756 2.3588394327 1.92941345396 1.35269332047 1.64774168378 0.737540543545
45 0.98028059474 1.34988340278 2.75316800856 0.396549238013 -2.0616281563 -1.95747815741 1.42197294356
46 -0.121360423183 -0.32768971071 -0.931142532945 0.562712156661 2.12726422334 -1.49356048614 0.310898746019
47 -0.213885981803 0.0288326706419 -0.845680260017 1.13098822837 -1.02258105311 1.71161098836 2.40751623456
48 -0.345737350619 0.0266211152773 -0.565691229523 0.528331970877 0.548683660143 0.838323841407 2.10413800395
49 -0.498794751227 -1.20423377434 2.60716095307 1.24075628505 2.32695156465 0.559076736587 2.07776905477
50 -0.143529812729 -1.31034336811 -1.49044198122 1.70460127006 -2.37016124335 0.379978980786 1.70381871814
51 2.42133108547 0.583359550266 -1.11072532785 0.58585370073 1.01381324201 0.936431912027 1.38382343541
52 1.87412500021 1.50512521008 2.07057827541 1.87424223625 -0.355986956421 -2.04808705966 -0.108930571427
53 -2.55961248196 0.499569626616 0.961427879345 0.23203478684 1.3441904284 1.48178168703 2.73392257106
54 0.782448033914 1.91152898191 0.0463353753123 0.602244261724 1.16247313766 0.81845139178 1.04539716116
55 -2.48399043813 -0.521505822663 1.06483529181 1.99072129925 -1.27628020779 -1.69407193073 2.05579630973
56 -0.219939871787 -0.513710885178 1.2820075406 1.44988508885 1.55312303472 -1.97742561719 2.25216644603
57 1.52523015132 1.18346504355 1.05580608096 1.40036545567 -0.136249393109 0.315665542537 -0.354677192622
58 1.71605086189 1.02859042958 -1.63036590741 1.65209883308 -2.08712670896 -1.75460105745 -0.586115286605
59 1.66921997583 1.12323181721 -1.29165783157 2.15604872426 -1.10750429685 1.82800306725 -1.9396541612
60 0.317857138994 -1.49500174858 2.82997521577 1.54379998602 0.919746833139 0.600336045209 1.62867138501
61 -1.87876304253 -0.706105505866 2.85061732271 1.9732306148 0.31099741467 0.61297351266 0.583905985857
62 -2.09207966484 0.2470577549 -0.066660946767 0.36450496729 2.51427723663 1.13690837588 -0.655035587228
63 -1.79650817641 -0.324742532019 1.25271645191 0.248418679659 1.36377184021 -1.15281865319 -0.018537151107
64 1.52485737515 0.343041600908 1.04165236782 0.633894220847 0.822228125164 -0.953813741703 -1.90844290849
65 2.25702527337 0.663464893434 2.46285482675 1.39036933787 2.60778336078 0.707271605754 2.92894028459
66 -1.93585785237 -0.851769380087 -0.653541879934 2.22609280126 -2.51474567803 -0.958830544956 2.82461975618
67 2.93791232325 -1.08531621987 1.43755858587 1.57774176688 -2.1587168777 0.877067043688 2.28980894147
68 -2.81203509594 -0.775118415876 0.43820673917 0.581922640477 0.869900071755 -0.512612306227 -0.890739448591
69 2.12769423402 1.18430229656 -1.23397632751 1.00331668228 -2.89084905504 1.86828577437 -0.607013935325
70 1.73952474248 1.3292765075 -1.94907921571 1.50786617338 -2.46748885746 -0.0112972989465 -1.90340205473
71 0.0758774898772 -0.625395813342 -0.577344158602 1.31619179888 -0.600236864424 1.98382011479 1.67243517245
72 -1.46530202932 -1.1486812958 -2.58777503921 0.81274849851 1.51923148365 -1.44464332581 0.0967998845344
73 2.4136674772 1.65011607794 1.08531146169 1.79510259338 -0.0636030345034 -0.440504717856 -1.03755524482
74 -0.758085863899 -1.69751576047 -1.74670016899 1.9932090602 -0.151805486194 -0.696638972291 1.8453421114
75 2.84311145053 1.53013529235 -1.38734055708 1.06089117448 -1.10474104138 1.57927792482 1.41293644588
76 2.0650536758 0.499208854631 2.38498447974 0.767690536925 2.91979105464 -2.03311431276 -0.0931648957226
77 -1.8184137593 -1.44830686308 -2.85201961011 0.761804147992 -1.66834330551 1.98670489247 -2.67362457777
78 1.62096825137 0.48897721045 2.69772002384 0.801783907306 2.56885292972 0.161798811684 1.31098358028
79 0.176110033168 -1.48987898846 -2.51748336915 1.93623835337 1.15596165954 -0.533154261976 0.707158414434
80 -2.55508544289 -0.860016289643 -1.16578892504 1.35162390021 1.55153786531 -1.64463702721 2.5416874189
81 -1.07773417606 -0.540676619124 -0.0922204694261 1.15267306925 -0.30180286449 0.744935084208 -0.902411501894
82 2.91540809043 -0.0980409019597 0.738924586619 1.12088582863 2.53444825031 -0.507988183992 -2.06224817879
83 -2.48359844726 -0.493980866554 -0.957373647084 0.480477326531 0.824776810152 1.35204483008 -2.02387314859
84 1.96710275115 1.92621921561 2.33722145337 2.02623596492 -1.26527292913 -1.30499522067 -2.31097880912
85 2.62704298911 -0.901596194316 -1.51548268407 0.489731049304 0.19894040438 -1.83414575361 3.01776214941
86 -2.86386185179 -0.107223225423 0.225251028312 1.56526365829 -2.44821764845 -2.02720218564 -1.52820105403
87 0.472772546898 -0.382241866822 2.32926287304 1.89343056408 -2.08927621835 -1.32323557063 2.90315387768
88 0.23439295984 1.34555201497 1.67645968908 0.198310651295 -0.58274271569 -1.23481438998 -0.159834422001
89 1.20556398871 1.57018224188 -2.29497008614 2.26333495981 2.21028557163 -1.31146819498 -0.352711469668
90 0.203042495541 1.13764989016 -2.13700515236 0.26757938636 2.67503811685 0.169838914551 -0.642580928671
91 2.96052994318 -0.723425336996 2.5224521395 0.643649677082 -1.26099923053 -0.836995154357 -0.779331902485
92 2.14766739053 0.265589893664 0.549777583104 1.42704233141 -0.604106790458 1.19564914399 2.57847987801
93 -0.0568003327607 -0.233849698562 -0.357702740855 0.90672409073 2.89973967924 -1.36221299533 -2.13326746704
94 -2.52877330715 0.204051752262 0.139691618187 0.77012384926 1.94885324205 1.41622732463 2.06419443754
95 0.592121755407 0.96926109063 -1.76453724178 0.203013803189 -0.545514814316 1.58411879874 -1.33050084259
96 -1.32880130578 -0.513827649682 -0.457769825381 0.522713205616 -0.419378329217 -0.231553215936 -1.11378083709
97 1.96705504602 0.309789955538 1.18895795219 1.23428367687 2.0566169282 2.00438039439 0.759254996758
98 -2.10907170539 -0.85299973913 0.302125926218 1.8049855614 -0.253480655636 -1.02914370176 1.44555894439
99 -2.4467095461 0.335942477759 0.113919320054 1.29636452193 -2.11692001275 -2.02171684655 1.53720105564
100 2.85933516188 -1.77960767275 2.24660288568 0.691927022818 0.574091225974 -2.0280353612 -0.245276812048
101 2.9014682889 -0.328673919395 -2.74327743521 0.664790383901 0.777477517462 -0.563709183305 -1.4721750158
102 -1.10671905261 0.428629253398 -0.309540937953 0.59481718341 2.86159262348 0.0749304711443 1.44886742456
103 2.39668329303 1.616879094 -2.51056188379 0.929187490982 -1.06186160397 -0.874996290918 0.890393542427
104 1.61126915241 0.361099962911 0.70367440072 1.99903421295 0.931502655754 -0.840235254137 0.62777230103
105 2.81044436232 0.537618731316 1.28370209167 1.92883541115 0.555806743658 1.43194878172 1.17020132427
106 1.99367981436 0.238798958046 -0.861235457256 0.305849634348 2.03470398365 0.312523157591 -0.689064393651
107 -0.900296687055 -1.39307989147 0.703984691144 0.907385386166 -2.23540582501 0.135543567859 -0.297200881111
108 2.52515955539 -0.366606009165 2.27200072941 1.08167533257 2.59507203205 -1.79244981924 -1.0936938494
109 -0.824266005803 0.710285072888 -2.02819553914 1.636551666 0.517438325992 1.73431594082 0.334859154774
110 0.186027201992 1.18968733394 -2.21034533685 1.24555309284 -2.33790749068 1.98174903652 2.02314691897
111 1.68264587476 1.09638160172 2.82438816548 1.68441759128 -1.59875910005 0.461657221137 -2.3846551401
112 -1.95773310259 -0.0280214586056 -1.3386315798 0.97332244806 -0.549427588287 0.629540555239 2.05762759069
113 0.563831054916 0.267696524013 -0.692983299274 0.972580382837 2.03304059672 0.608376860899 1.09622386244
114 -0.206276301462 -1.21685510389 -2.00632397277 2.06173904461 -0.312376968148 0.414680164337 -1.82744785869
115 1.98423696574 -0.104522227559 2.41801353444 1.51425924341 -1.96394055656 0.545929652159 -1.29818108321
116 -1.20689420044 -1.00681741696 0.850043730496 1.43609303138 1.92004696712 0.999664164016 1.82701239641
117 2.72453450423 -0.849039799179 -0.791559737567 0.938406179265 -2.79504616114 -1.9175021081 2.59107184534
118 -2.73630664911 -1.8456934756 -2.00039879008 0.845331515358 1.69652566916 1.23097906211 -1.84372032046
119 0.073485780489 0.169444161419 2.71410268589 2.19409155921 -2.08619658825 -1.22930340041 -0.677952875852
120 -2.11159951804 -1.14176271049 0.57146081188 0.602768392675 0.946843556534 -0.759583221394 -2.23574852064
121 -0.195953517005 0.0505893313438 0.293544063947 0.686253865818 0.350545782087 -1.77560724261 1.29755256736
122 0.214943467287 -1.84212640776 -1.4647217329 1.26784312745 1.42645976845 1.47909023363 -0.777282705069
123 0.577800495947 1.66672687052 -2.34050278139 0.988763895589 -1.85406519936 0.538014488461 2.9533911869
124 2.27131586101 -0.96943123054 2.26594277396 0.257471925287 2.54465288537 -1.62667257297 0.358752071146
125 -1.81733953414 -0.384603311266 2.18095111844 0.350477655036 -0.561245797389 1.49450851875 -1.9312483118
126 2.88530006594 0.840296181008 -1.51866743597 1.52856040834 -1.52912265047 -0.303021631791 2.76945465624
127 -2.84264331756 -1.43646203206 -2.27353739086 0.757221077904 1.80817476186 -1.03591170384 -0.958594832931
128 -0.666453085375 -1.26851100349 2.5053052233 1.41631761781 -2.80910280055 -1.55576433034 -0.855105962756
129 2.4944045833 0.453972443532 1.23452141926 0.638827741037 -0.768691108116 0.111773399981 -2.05961493608
130 2.65800712962 -0.468666956103 1.41602727941 2.07861835935 -1.64230302639 0.671829062955 -0.880671271653
131 -2.18493073859 -0.419940924615 0.963617499821 0.196254058778 -2.49189249946 0.0750708848561 -1.04531730114
132 -2.68072489586 -0.228532007141 0.61264357715 0.898096714347 1.89203519413 -1.63363035869 1.37288747795
133 -0.70865332812 -1.73210046203 -0.41511780512 1.96525222899 2.61333785219 -2.02207417422 2.36075121854
134 0.781354449786 -1.88438857439 -1.8557155127 1.29424180707 1.72778548658 1.596936242 -0.17013860757
135 -0.399147229628 -0.481277494719 0.302587853362 1.87004817919 1.59300113335 -1.71868139135 2.0383844169
136 1.37134669992 0.0691411515627 -2.09044458649 1.52031940608 1.28032385335 0.665551566397 -1.73780447685
137 1.68719483294 1.02658143199 1.10986293219 0.940837387277 -1.90875571123 -0.865076642263 1.32186561475
138 -0.219874099901 0.0199326741033 0.474881761119 0.988045979275 -1.5414488206 0.163308730085 2.85352733735
139 2.39122453554 1.39190727166 1.41376520662 0.24031336837 -0.842553151135 -2.02089429762 -2.42875142771
140 2.43265826817 -0.843191228819 2.54999070879 2.00419008815 1.99231838392 -1.52503854193 0.481630184586
141 -0.92235448894 0.935563865563 -0.728590644612 1.48863242652 2.84984475269 0.961354524398 -2.45934458634
142 -0.177212646507 -1.1696508796 -0.246542887598 1.13581967933 -0.485439453473 1.41632616232 2.35159783096
143 -1.84599106743 -0.990344076212 1.69511626191 0.297285166979 0.678246766339 0.978478988268 -2.19516953718
144 0.837980112068 0.669275491328 2.49304605409 1.23142229746 -0.71153859116 -1.49753032061 2.54251410884
145 -0.584991909067 0.570913468296 -1.06341379779 1.02817552966 -1.07871998417 -1.60680884507 -0.225521178208
146 -2.44676398369 -1.41708215268 -2.76826822618 1.15827688256 1.41138186188 0.223904618497 -1.18710724583
147 1.05711575432 0.663027331418 -1.53853224504 2.16968747466 -1.52411217054 -1.16231118954 1.89570762951
148 2.7546202194 -1.32878477233 1.77816569234 2.05347368771 0.498550240083 -1.27911348824 -2.51230906149
149 0.360053201538 -0.336949942867 -1.20500322752 0.298199181473 -0.849614479909 -1.4264043472 1.63952135465
150 -1.93176402924 0.449805670458 0.522445973412 1.30827736362 2.39988584468 0.342689998136 -1.4994048235
151 -0.520207162227 0.290893165875 -1.73260530056 0.744982557109 -0.915923380841 -0.531746166795 -1.31840240779
152 1.3228871985 0.32817992571 -2.01909581296 0.65245991536 -1.53311163867 1.36233019149 2.84568508656
153 2.14866684176 1.56070902581 1.7735707925 0.987638492858 2.54358818762 1.90526280748 -2.75944361072
154 -1.3547032048 -1.90882228683 2.55115778795 0.390681749021 -0.153273859492 -2.06000347258 -0.459636960635
155 2.24983811563 1.67124014195 -2.1514486597 1.6307411459 1.23352494897 -1.53758647255 -0.34027187718
156 -0.558627710818 -1.80769628161 0.023933653585 0.99446449646 -2.74616014037 -0.914914405518 0.556040565826
157 -0.18088526814 1.85594426966 0.640164744806 0.420164003658 1.68562518116 0.230242928924 2.83446831902
158 -2.19557855539 -1.60883254716 -2.39461234635 1.40188531822 0.343931832945 -0.738187153707 -2.18344963002
159 -0.756836805658 -0.703622294914 2.8728905256 1.81174541173 -0.520417026145 1.29474187771 -0.904489086161
160 -2.80123429063 0.138701316403 2.86312953321 0.515861695169 -0.513895774088 1.03346981561 0.0110856190685
161 1.60355397937 0.81916821587 0.991773073677 0.621449108347 -0.594128358689 -0.0356099670018 2.16360152286
162 -0.314211645619 -1.69290604924 2.54183741939 1.0933704022 2.46771996736 0.817550992035 0.780896271847
163 1.71718530961 0.295405006805 -1.81965655169 1.62023303479 -0.345757621651 -0.732121639307 -2.18696803667
164 0.379915028677 -0.190392058994 -1.37292042263 1.29189782375 0.23926146396 1.21199772982 -0.00606183601582
165 1.72770354962 1.33027677692 -1.50719052583 0.434698478134 -2.6990869122 0.35696936025 2.31772433107
166 2.69015733558 1.59926228845 1.32360024411 1.18961005969 0.883301079666 0.0534343954647 -1.94216770213
167 -1.97770883223 -0.449433653804 -0.709256097306 0.459848525114 -2.34420303715 -2.04672025232 1.83564488139
168 0.774074059989 -0.477954948984 -0.76843985585 1.32328153711 0.7354618709 -1.8964384654 0.201346653817
169 -2.07224045978 -0.355612217368 2.91618207301 1.2314235715 -2.4889793956 -1.37124775711 -1.87899556839
170 -0.0509717801275 0.716850646621 -0.659009192003 1.63022925064 -0.895808279149 -1.89732436353 -1.94468680943
171 2.25153756489 0.667827587667 0.204275411359 0.859052199625 1.61135847488 -0.343754200766 -2.92803737274
172 1.79288739488 0.39589725876 1.30019583056 1.24511581711 -1.09338672495 1.23534338398 -1.09952767501
173 -0.192629175744 -0.740577958802 -0.905651641776 1.29946850661 2.93463829608 -0.951457065211 -0.471256246032
174 -0.664033618001 0.660187595393 -0.393602230283 1.04317504398 2.74687611173 0.419383920316 -0.681664439093
175 2.60630576955 -1.12073869002 -1.23644969603 0.797728729813 -1.50609410579 -1.20727752872 -2.45847767486
176 -2.35555343673 0.718034830883 0.343729877346 0.803378211386 -0.730717417651 -0.750359123779 0.37854802186
177 2.45691406282 -0.122868441205 1.01876096253 1.51493780672 -2.17641386899 1.20623501715 1.33901937372
178 0.17545922418 -0.414183781086 -1.52686196241 1.4234477275 1.78108820909 -0.363400423168 -2.40925526867
179 -1.78833389771 0.22519302518 0.66879980453 0.649708230585 -0.142249167651 0.246875533308 -0.956137049417
180 -0.046129041112 0.364788796863 -2.45204257826 1.26993559707 2.89143058295 0.966587217388 2.3912440654
181 2.81706424875 1.48108239269 -2.81534115637 0.779831436235 1.74687586848 -0.633833091316 1.61390142942
182 -2.47912743596 -1.73488556801 2.27023486853 2.17597927273 -0.682738656602 -0.694461327106 -2.48308663909
183 0.116049122151 -0.111895225574 -2.54843505778 0.296879745617 2.08807881786 -1.81826746163 -0.321043930813
184 1.96254754112 0.5459390835 0.592939665201 2.06699618266 1.05858634377 1.52910941391 2.06460085629
185 0.8355910455 0.262178126066 -0.925340681845 1.31913841719 -0.608283035613 -0.285906241859 -1.71902954407
186 -2.78882208019 -0.584581923897 -1.48023809305 2.06929974522 1.41747542095 1.88024195283 -1.0649854202
187 1.89123862407 0.653973371882 -1.39792882101 0.535902257269 1.2245709287 0.507108854622 0.0908011668544
188 2.86302154909 1.18177466581 2.08403905175 0.718618746462 -0.0871991809672 1.42260149896 -2.26234535349
189 -2.64051824942 -1.51095887609 1.12193609454 0.213217670726 -1.30745343809 2.05669915235 -1.66275706627
190 2.59296205431 0.72722252119 2.86982266772 1.89269401721 1.36483672845 -0.644165939089 -2.70131727351
191 0.382858864059 0.124512944499 -1.18095529382 0.468927204448 0.320969933677 0.121038813683 -0.643343063407
192 0.338163667601 -0.826108482426 0.829768595873 1.11400629742 2.28332436862 -1.811724102 1.68066034153
193 1.15511612064 1.86921206482 2.95818390362 0.533454300813 2.19489712969 -0.0451658361345 -0.361542389341
194 1.27543777133 1.57918067394 -1.24815157744 0.441713615353 0.360987178994 0.171762342847 -0.973989927472
195 -0.797142939718 -0.306218886558 -0.540704115727 0.657564504362 -1.95304097085 -0.756438718494 -2.43288998839
196 -2.12402254121 -0.874242022007 -0.384497264732 0.750604231589 2.8836660731 -1.84061736685 -1.98390469049
197 -0.796596851007 0.0517970151928 -1.80606981417 0.407443602832 -2.92718865818 -0.583157333926 0.905307022159
198 2.38950543968 1.93315686048 -2.71179911568 0.631075558421 2.16444250803 1.2124848772 0.285111685921
199 -0.390887335352 -1.31236356524 2.06909657166 1.40606648646 2.27656403731 1.2083292377 0.274150920728
200 -0.950226948862 -0.442457350742 1.07606999313 0.190893632962 -0.814218091631 -0.832213844924 -1.12481237101
201 -2.89957099396 -0.962088550946 1.73011925668 1.56735534612 -0.481713449927 0.43685667441 -0.410045764211
202 2.6251317753 1.27799001768 -0.0859404942055 0.943497881061 1.1451975333 -1.40898952462 -2.652258586
203 -2.45810011681 0.788139833557 1.3961296124 1.08738796201 -2.93786005934 -0.749431176099 -2.5609922477
204 -2.38017325571 0.54640208101 1.35594507727 1.06692301485 2.04861905959 -1.32651856272 2.25184483727
205 0.305704564826 0.639843181061 -2.33035971843 1.07435580985 -2.87490450323 -0.267176739675 -2.54199794963
206 -0.0583284936953 1.88503165532 -2.31355846893 0.721032370426 -2.95289479218 0.877432987696 0.341248819006
207 -0.873481598878 0.364054612155 2.60378344959 1.64056692357 -1.53334163909 1.83373247317 -0.77808762676
208 -2.27918652325 -0.0265477807649 -0.716590671924 1.22753939053 1.95646145223 -1.52250261025 -1.95564302643
209 -2.32193219833 -0.316537807965 1.33585237873 1.77653447419 2.56034492336 1.28626420178 -0.0856782677056
210 0.852327540712 1.64386772182 -2.55521946423 1.02342150319 2.54702837046 1.28986774363 0.506388240568
211 -1.9632607741 0.247824245267 -0.368325362855 0.289551741207 -2.06408442101 -0.166132918848 -1.69998829628
212 0.404242014289 0.547841768961 2.91290170205 2.06840072393 -2.89952803631 1.41117526941 -0.526669484204
213 -1.12361151074 -0.514379762322 2.38268907263 0.762686830558 -0.498678373161 1.69342086794 -1.59080681776
214 -0.330345569038 0.701089188612 -0.0607329806612 0.663955124821 -2.2532476904 -2.01806209647 1.05518192798
215 -1.18996196391 -1.15497187684 1.56472956377 1.24812666269 2.71871397896 1.40377158396 -1.56518158632
216 2.79447329969 -0.00410088599355 2.16513870118 0.8248842316 0.787852227037 -0.148574106585 0.427893120159
217 0.86865467688 1.95574555272 0.655104350963 0.636666137222 -1.24380464968 0.625474158032 2.86679322807
218 1.30098168375 -0.153121563118 2.01016459243 1.39692051576 0.196282013935 1.99532958475 1.03132355203
219 1.80385445355 1.82774217104 2.30772832813 2.22581766524 -0.794121518622 -1.82519577884 0.706282158572
220 -1.451847662 -1.02572819032 -1.70469574748 1.88632025822 -0.71439687317 0.400814747029 0.831627863356
221 -0.0229502551732 1.03677000186 -2.76564527843 1.69737948883 -0.0712583843415 0.323757778652 1.54902629562
222 1.26885564345 1.07160727672 -1.42800377188 1.23217325529 1.89379536034 -0.798686718139 -1.80166064169
223 2.73144459648 -1.13896190316 1.77738360579 1.13599135096 -2.04035302119 1.89367680415 -1.62293830369
224 -1.6737388276 -1.30967167468 -2.61289426261 0.589376475537 0.948283437029 1.81856258677 0.805418117931
225 -0.482293940409 -0.845520636942 1.17687850505 0.377088823577 -0.262493377888 1.24261191433 -2.82966389332
226 -0.683138196796 0.842475405949 0.119857040725 1.23159839889 1.73316693968 0.86341925137 -1.19235840201
227 1.61154707864 0.726947968186 0.309164776112 1.67044741876 -2.89518638874 2.01096667382 -0.229356750533
228 -1.75622281695 -0.288797998301 1.7173088141 1.12531350281 -1.51220841619 0.286946654884 1.4448593794
229 -2.88306965493 -0.495056844506 -0.899862432024 1.61093080869 -2.54751641636 1.91771833389 -2.21368140613
230 2.57146387457 0.917596247752 -1.97661559929 1.62687833851 -1.57736036335 -1.100166377 1.58050992845
231 -1.01600101376 -1.4481832749 0.192781848344 0.599440902117 -1.02098400301 -1.27442547765 2.71935790634
232 0.632146405606 -0.166510887351 -1.27721001131 1.70850652641 -0.694416490125 1.56623182779 1.89382145224
233 1.99448042426 0.824438439787 0.0569666724314 0.748468762239 1.55459710409 0.567987957099 2.47395001249
234 -2.01414481982 -1.11150276056 2.88736064158 0.599668063187 1.42609682197 -0.901851567449 1.17492163656
235 0.729564326842 0.518748330077 2.2939367283 0.821996194002 -0.152391906184 -0.257628306456 -2.16672849717
236 -1.11656652769 -0.0843948669751 0.997559423256 0.523599148679 -2.42400499477 1.90549229677 -2.05677754298
237 -1.22144783536 -1.47200933847 -2.59913759152 1.49733180119 0.867971697778 -0.703017086768 -2.19634327742
238 0.160406344371 -0.334064925647 0.627752179371 0.936798468538 -1.62373998877 -1.79156836349 0.974317107128
239 0.565544463652 1.82885949046 1.2468077441 0.873376188791 2.48246133947 -1.37539605028 2.58031271101
240 1.57802368197 1.60146359094 2.18967307049 1.02797027645 0.646519920712 1.68122813374 -2.61090793884
241 2.22899697153 1.18468414719 0.721139789921 0.880214306104 -0.659220321449 1.58151673832 1.91343541471
242 -0.441832150952 0.0603029504009 -2.822496003 1.93238135876 -0.887381467528 1.49791396738 1.9971130178
243 1.97067973225 -0.0991164689452 2.91441000107 1.78471262349 0.5369944334 -0.294663116588 1.28956865992
244 2.47899070152 -0.0693493050866 2.08689724705 2.0420022273 -1.3911519387 0.192547347162 -2.15587692466
245 -0.335032816333 -0.578001317714 -0.00755110574442 0.288906149859 0.363395935089 -0.402178927837 -1.84014985742
246 2.87078730836 -0.0335306909244 1.92890626686 0.720132989608 1.80031136047 -1.0736853976 2.43719417254
247 -2.91103766899 0.784790123897 1.86977262631 1.73809429761 -2.35043116112 -1.80758612077 0.65302095324
248 1.16827244282 1.32313284871 2.35196920969 0.734209302772 2.90430058159 -1.68220948931 2.86708991868
249 -1.77974755152 -1.73670077008 0.870795049603 1.8196662448 -0.454484155422 -0.775277987632 -1.43037469866
250 -0.010077082196 0.0534467739652 0.253183736652 0.532571666524 2.18189924983 1.29833706152 -0.699953939379
251 0.793555473682 0.709993643271 1.29711353852 0.978309358389 -2.0345169896 -1.30709686133 -2.4344730874
252 0.366095649495 0.194715613619 -1.10396723773 0.448565417579 1.30571739441 1.13533887351 1.48735551055
253 -2.1123193308 -1.40775029105 -0.0280686106387 1.46820301927 -2.20747366231 0.15093670003 -3.03217698807
254 1.01436655289 -0.00498625962049 2.82797560428 2.21603150473 -2.06137806315 1.07442613295 -0.754966997403
255 -0.201271949599 1.37602943811 -0.0607079684668 0.508696883721 0.800257561304 1.88253528996 2.61186392208
256 2.46733065656 -0.0540084376922 0.930175313243 2.03663686736 1.01922465487 -1.78558243299 1.2691834717
257 -1.30525226618 -1.12089110281 -0.345869969407 1.61364635362 0.807340794731 1.73514759323 0.210012530812
258 -0.360296763137 1.67247293812 -1.82424367766 1.48080896487 -1.53309057257 -0.763729615698 -0.665880363081
259 1.3343627335 0.956180602153 1.65546676722 1.16603168122 2.0022479976 -1.30704504603 -0.392821941164
260 -1.65878782935 0.384632544823 -0.447905105605 1.95167376429 2.85255944875 1.5214311513 -1.08333805601
261 1.88872774455 0.185371107483 -1.86102995816 0.369845351368 2.66015220963 -0.0579316353507 0.134517071542
262 -2.61752207831 -0.295966938748 -1.97462755657 0.633989975559 2.3091170665 -1.02180368786 -0.976098891543
263 0.324679295287 -1.44594225555 -2.55419467034 1.90832508888 2.93667305988 -0.63059744843 2.57917206658
264 -1.58975204141 -0.444789945041 1.57320305251 0.594875066813 0.401579027915 -1.57462392346 -1.28552115788
265 0.075511966367 1.06213730923 1.11224742775 1.18554362705 0.695540354905 1.85484745027 -1.66152565255
266 -1.73646920123 -0.538161897997 -2.52809198951 1.70053462348 -1.25997443763 -0.904189066467 -2.56002567594
267 -2.77149797789 -1.64595478209 -0.636645772277 1.34795777124 -0.751149831548 -0.379570122098 -2.92233318948
268 2.43397771673 -0.676204368961 2.45378892491 1.96025079326 -2.10785572629 1.17334009275 -0.753817682248
269 2.04990202181 0.537230407098 -0.571795282925 0.394732951123 -2.1175872417 0.64184851844 -0.889708006867
270 -2.7653425412 0.804356419226 2.35935788643 1.23709758238 1.90238640002 0.356926370504 -1.98060699176
271 0.287435468529 -1.46059415843 -1.96085212718 1.06640172555 -2.0603107669 -0.350362797195 -2.42077467488
272 2.51576788461 -0.273120759576 2.14655053339 0.618630066025 -2.42014585633 -1.28467210196 -2.22119662849
273 0.360804379463 1.60927516263 0.676739923423 1.29833956354 2.18711610455 0.168429180964 -1.87032680259
274 -2.54939695715 -1.79365078532 -2.45313251826 2.02058555996 -1.40514893472 -0.0771847858411 -3.01982900997
275 2.71804394769 0.576885902668 1.51686156833 2.1576875386 -0.105553865899 -1.25776672167 -0.586467915788
276 2.21109207768 1.72717408788 2.70636007761 1.85332451802 -1.62166496209 -2.01118007033 1.94116347943
277 -2.28090559635 -0.479276067012 -0.0140660010416 2.2117238696 2.91288952713 1.76383754022 -1.173143522
278 1.36652699465 0.450630964644 -0.798262409422 0.463525334027 2.26777560062 1.85416176541 2.73281760397
279 2.04026674478 0.439655747428 -2.40640337748 0.580941436134 2.51491712607 -1.15829704422 2.09200587407
280 0.275851799315 -1.79215717895 -0.976801154655 1.44316562365 -1.04111863368 1.76161837567 2.8558233266
281 -2.16671967701 -1.92655958777 -2.00927017784 0.640591223887 1.92182978882 -0.787451050788 0.930673976327
282 0.0276740420927 0.601332656555 -0.88876226272 0.622177614307 2.36020724565 -1.93324054553 0.18741966008
283 -2.08128960956 -1.69929697239 2.19856615469 0.701065465975 -1.90044816012 -0.360719896237 2.23980255332
284 0.414697040527 1.29436406462 -2.22665512545 0.574209209762 -1.93793060141 1.88560992561 0.903260185931
285 -0.963823894549 0.992025754072 -0.848398245763 1.21319091955 0.579193649674 -1.70545289857 -1.92446824796
286 -1.0850852553 -1.8639219474 -2.81591397372 0.40001480598 -0.436221153909 1.90356153137 -2.39752135453
287 1.61672436894 1.88736499376 0.0978758520412 1.68138577665 1.52964938637 -0.19159439035 -1.87271680114
288 -1.30272485397 -0.393669110663 2.82490241512 0.564794261113 -0.0577800160072 -1.6427494096 -1.666833957
289 2.9543144842 1.01781024592 2.55733666194 2.23980154651 -2.51784729164 0.667818035496 -1.76091867422
290 -0.87757477494 -0.857641804213 -1.24436799181 1.27695499934 2.40757309705 0.15599860927 2.30011978854
291 1.12672905571 0.212041999524 -1.07600970146 1.38581558451 -0.772849954281 0.642363904803 -2.17184884633
292 0.673949913715 1.61639880238 2.42529018008 2.03977963131 1.12480926977 1.71759112183 -1.21746875018
293 1.22486661 1.1033313309 2.32919394374 2.17989815732 1.90402720927 0.950714871362 0.392209053615
294 -2.67996309889 -0.506771912771 1.69686443687 1.51679301449 -2.4265860533 1.21193638111 -2.57411052517
295 -2.68063278644 0.659277014757 0.304958795624 0.288241451094 -1.89324099409 1.06363996045 2.59669296249
296 -1.12678081524 -1.27845712123 -0.566277162176 1.11008088224 -0.620781049008 0.508661182843 -2.47297871368
297 -1.8012626376 -0.485116290856 -2.74259046111 0.859905829304 0.793844274575 1.12394371068 -0.204515520882
298 2.72430117511 -0.203211312538 -0.562700088385 1.16865802912 1.58839952801 1.64029912078 2.88056439074
299 1.99998579889 1.15958396684 -1.22209133214 1.12238308944 -2.75568577402 -1.58646674339 -1.43068585988
300 2.83540350341 -1.19595268209 -2.89705946118 1.651115228 2.88235686735 0.680357699464 0.447713464804
301 0.410732311224 1.93623943046 0.0939738319087 0.727132278696 -1.9186353709 0.768218619094 2.35417446709
302 1.28608547029 0.811594294775 -1.28069342891 0.817014705206 -0.913747480462 -1.21333801552 1.19742600066
303 1.70354909285 -0.384342728873 -2.81363992807 2.03924833268 0.673902240408 -1.58736013547 1.79221007645
304 -2.71261950201 -0.536947187258 -0.995886524651 0.715532111545 2.29510312171 -1.14504851277 2.16082020222
305 -0.949190584268 -0.485447079799 1.00167514343 1.54515510519 0.434295975512 -0.414775379587 1.67577390637
306 2.93258887092 0.0807565538496 1.5195631463 1.29601328338 1.68847519975 1.4258671928 2.23933528912
307 -2.59760184679 -0.280657096468 0.498583496815 0.989166913683 -0.629476978967 -1.80599587588 2.21559920744
308 -1.37832557297 -0.369564177099 1.08530416048 0.512537577182 0.484691553076 1.34436140761 1.92033131367
309 -0.505390271771 -1.76127946948 1.48873196454 0.80160478516 -0.752374135622 0.685935921476 2.40186784977
310 1.69051224996 0.431610248929 -1.99799743823 1.34898340239 0.354283584266 1.41411226693 2.95232678846
311 -0.0881429023147 1.73435224675 -1.12220419367 0.67319322948 1.39077797695 2.07395911599 2.88323337754
312 0.103325508244 1.53717782832 2.80413831046 0.280646726849 -2.79044408563 1.61852455375 -2.29960495424
313 -1.07656434062 0.00956378111984 0.66236828398 2.25287042434 -0.194450801567 1.90272676893 -2.92712865317
314 -2.03409477843 -0.535580302865 2.23734403609 2.06101914799 0.519574048834 1.87653638533 0.574346915777
315 2.35939038073 1.99117249722 1.89187006986 0.312372275339 0.811616623267 1.28579272714 -2.0306778574
316 1.55130829644 0.875379615315 -2.73281811605 1.76380808947 1.26012058347 1.52776344348 0.24799174667
317 1.19031653986 0.741434006567 0.417152047936 0.848022068006 0.0728230580317 -0.585177516877 0.436466622961
318 2.84083527941 -1.41346445177 0.564932661033 2.05588303031 2.51188747077 -0.76125566393 2.00433980364
319 0.807134460397 -1.15894888398 -2.46858720385 1.97267158572 -0.199834237511 0.782368850501 -0.842252863387
320 0.0907590354072 -1.38581837584 -0.284960671296 1.00959342599 0.300877729878 -1.58861969007 -1.03855972602
321 1.17575829903 1.89312369277 0.577052543322 2.0690604649 -2.68425327477 2.05254774973 -2.25542940489
322 2.03300186428 0.531415964806 -2.39147877518 1.83594003747 2.62027426533 -1.16644309779 0.207055250833
323 0.182084980129 -0.234967563551 -0.0978497622268 1.84424153319 1.16991106932 -0.289788800923 0.930130849695
324 0.827187557217 -0.964126786592 -2.9023839766 1.38034058004 -0.105759003884 1.44406324555 2.63424777502
325 0.773189798121 1.47276293068 2.8146523852 1.2414778188 -2.47706327222 -0.0634730920003 -3.01790568304
326 -1.78472003855 -1.26075665684 -2.87701763964 0.32848878002 -1.39468091782 -2.04457806056 -2.26509708601
327 2.34409580954 0.719951764281 1.07571720728 1.24726219957 2.69986945452 0.707489488855 -2.36770135575
328 1.87620158633 1.72615824181 2.04329659945 0.301762302633 -2.95935219883 1.62997493439 0.381793515273
329 -0.442739632818 0.235424515183 -1.84641345645 1.68025025465 0.156162796209 -0.128386289956 -1.8781916386
330 2.10670328981 -0.0932494496287 0.663194838112 0.191554777086 -2.11534432111 -1.56874182769 2.85339454853
331 2.36933098049 0.772746057038 2.82480423218 0.271020277935 -2.11186940024 -1.79433349576 -2.33336460525
332 2.69934152931 0.305852789261 2.11826763583 2.14613142111 1.60629184541 -0.304796466309 -1.36924341889
333 0.1998247031 -1.11344281583 -2.26313957432 0.563133771425 -1.97902384224 -0.265590630265 2.6399216183
334 2.1335450292 -0.620114367856 1.5119491327 1.52326351779 -0.915293485025 -0.525537188639 -1.3570850349
335 -0.872034377171 0.639514471115 2.73776922925 0.42345270024 -1.28156815509 -2.0160908731 -2.0493921257
336 0.109935044052 -1.2732647221 1.25506792982 0.365727686575 2.94094123278 0.854043772849 2.61428379151
337 -1.72017765466 -0.33818893898 -2.73251324125 0.253852811002 -0.24034255862 0.591875981176 0.455266816111
338 -2.4011485106 0.484919637906 0.423634354857 0.643683929163 1.45784818559 -1.15380895238 -1.80463715469
339 2.51402641435 -0.730111214772 0.893399895096 1.45354521636 -0.917656184664 -1.44206683775 0.209543767472
340 2.82960959192 1.84118207971 2.25380292793 1.11244716911 1.38018031529 -0.00851465034013 3.00492072015
341 2.4639675375 1.62885249378 1.22534815694 1.1648059854 2.72796285329 1.15931253379 2.50010840551
342 -1.6125628671 0.338149304098 -0.266234127528 0.931043119352 -2.55831300122 0.527207431587 -2.30061814149
343 2.92266282014 0.19781755353 2.08151427877 1.42766902658 0.522678101201 1.2152041025 1.34560040593
344 0.539170672021 0.0591608740763 -0.474949537535 1.49097934136 -2.54425747184 1.36085944087 0.192502069229
345 -1.12615035844 -0.459690913089 2.28108052214 0.408169933202 -0.45261038457 -1.11067580219 2.0767102633
346 2.64846113087 1.16277293892 1.63150699939 0.537102669163 0.639161166206 -0.110207534894 -0.692408274176
347 -0.849403474629 -1.88011464687 -2.22480638727 0.531579480267 2.88327231381 -1.53990904403 2.45754349519
348 2.10848292207 -0.235807123794 1.47137652468 0.247464082225 -1.6930397371 -1.16469763817 1.6071384815
349 -0.877487298283 0.0332267236552 -0.473286039195 0.598277309579 2.14045866576 -1.81942228602 0.762518707606
350 -0.954923531348 0.16009628269 0.809494412141 0.457439832602 1.21064966186 1.85772370762 -1.99458334301
351 2.75873022123 0.942598216958 1.43937018986 1.16010739056 -1.36119230759 -2.05743240821 -1.11045264048
352 -2.33884476031 -1.21686322332 1.08030164369 1.53370053063 1.57911427521 1.03194227713 0.893744082698
353 -2.36576354955 -1.60582198732 -2.61413371942 2.26844140099 -1.30257206073 -1.28584118269 -1.22596630625
354 -2.14942872035 -0.695819194032 -2.75314208612 1.27574631082 -1.46871588747 1.59984782306 -1.2829237966
355 2.39581267911 1.01810529942 -1.41136837595 1.5863828361 2.7782312759 -0.371103827544 -0.604115135992
356 -1.32879523758 -1.35822396731 -1.39240487555 1.93769223297 2.08372412846 1.03938982293 2.3081753167
357 -2.23977325615 0.233012374074 0.333607933209 1.00784582236 -0.418166836268 -1.06350219667 -1.56254208387
358 -0.227245281807 -0.665012059521 -1.23254548555 1.65649319408 -0.330641293394 1.07690252172 -1.10074686491
359 -2.36675854161 -1.99578667047 0.216624854832 0.286429954232 -0.589333822477 -0.665122312079 -0.0387511849014
360 -2.1739598116 -0.792067916317 2.20043156123 1.65153640865 2.34881961629 0.576302152516 1.54966277227
361 -1.60282404248 0.023655162259 1.60644645095 0.826906233757 -1.45533942636 0.562953524654 1.89786927271
362 -0.210909704549 -1.46673591007 -2.69208995018 1.4590056248 -1.90708484959 -1.81166589574 1.49815355046
363 -1.56158455017 -0.351148890078 2.35053920216 1.63292184619 1.7949236171 -0.722780274151 2.68073217793
364 -1.76743870016 -1.87821796813 -2.0346438152 0.556150333803 -2.47991842001 -0.641391497011 -2.34908334188
365 -2.06353877279 -1.71643988621 1.07287324555 0.587844635708 -1.79253998386 1.80329968679 1.63011852998
366 -1.01018737097 -0.503943754161 -1.40340440266 2.18914956733 1.42918840266 -2.01251616482 -2.13589756209
367 -1.37864520261 -0.165921306137 2.30480831218 1.39189034664 1.3579675998 -1.74017296635 -0.143224657097
368 2.26571186442 0.605065028898 1.96530115809 1.53163650428 -2.28524140953 1.55646897131 -1.85832979984
369 -1.74514015444 -1.18961737212 1.32178128578 0.500407039485 -2.53557475274 0.405854135368 1.26664488093
370 0.289595045246 0.795569684253 -0.447154805958 1.91788518504 -1.65214597911 -1.85574443096 2.57725868677
371 1.39944615738 1.82273548002 0.451161417655 1.80079089849 1.40111589598 1.20179248451 0.497843713242
372 -0.735155581804 -1.34239952004 -2.91309277472 1.96029708327 -0.529199658531 -0.0199707109935 -2.45570764592
373 -1.14698076657 0.212305033488 0.599261805789 1.69286804453 0.943822596524 1.31116927932 1.54856407797
374 -2.8146422318 -1.00675930602 2.58509754067 2.16464022071 -0.990589006187 -1.59246934942 -0.332599248318
375 0.0106585224149 -0.17326138459 2.618603664 0.243276251873 -2.05302478581 0.0536104266828 0.333340125478
376 2.33398273454 1.57225680403 -1.51129115857 0.236655822443 1.511349938 -1.72013570937 2.53253153883
377 1.6200574279 1.55439863297 -0.640769173218 0.683070197255 2.77399619215 -0.193666020973 -2.38126924684
378 -2.94000539005 -1.46114633218 0.0626592084024 1.89178980627 -2.50528447282 -0.830555848713 -2.48835307026
379 2.55976710555 1.62505543323 1.11941840996 1.68491766158 -1.42991777388 0.0831926096895 0.0960206499426
380 2.41026118304 0.186718497089 -2.03955302032 1.98012129544 0.59939930274 -1.73022841496 -2.72758936989
381 -2.7318392542 -0.359585428814 1.11912855455 0.228090008248 -2.30208802733 -0.286278142501 -0.0175964146393
382 -2.56645932786 -1.47552674568 -2.08396043146 0.62051883294 0.379269197421 -1.76248051356 -0.834562120948
383 1.64573908444 0.0718066405375 1.58434223446 0.380876937738 2.37822158903 0.774636910637 2.29310011499
384 -2.40906753126 -1.88941516585 -2.08463688592 1.35778095788 -0.372496646655 -1.93479632226 1.20459349588
385 -0.0772683454183 -1.93154428759 -1.27917390212 1.04081686578 -0.611256731158 -1.30989745171 2.56087407456
386 1.81424790433 1.16657433192 -0.633708618477 1.4943580128 2.66020605536 1.41219248941 1.99696857135
387 -2.78583668107 1.55474145045 2.10514739742 0.623202765798 -2.64320990074 0.993229951337 2.75951959146
388 0.608140388466 -0.861888490659 -0.474511878858 1.63331605297 -0.99728727775 -0.314771246262 1.20355235483
389 1.18091566182 0.132684116736 2.89811072138 1.66177263961 -0.234657725302 1.79940382868 -1.8105961614
390 1.19062008352 0.197431346464 0.313853086799 0.405073502123 1.27490538525 -0.456681697693 2.10829890013
391 0.0891627608149 1.29868242487 2.49615679774 1.81748752317 1.52995451847 -1.69419280746 3.03386253112
392 0.874348947017 0.76978255899 -1.98603913051 0.42731519044 1.27379666448 -0.107361499026 0.0279299803726
393 -2.12646634065 -0.391711062521 -0.637819987997 0.691248213626 1.291053965 -1.21385634726 0.303631903821
394 0.200609808638 -0.0704672400123 -0.829649626299 0.417216334226 -1.94277191044 -1.72667237722 2.22034440752
395 0.841363672952 1.06619845842 -0.9407283074 0.754330132134 -1.54911049831 1.66378063437 0.0867862064646
396 -2.47121854524 0.151132987476 -0.191425926064 1.56139139005 2.15921677726 -1.06289075956 -2.87026451611
397 -1.1277270821 -1.34473819746 -2.05175537578 0.399167260174 1.25772182797 -1.99867215876 2.52684169767
398 1.73103214641 0.420177254461 0.0740601813456 0.527282893702 1.39322741771 -1.14821781254 3.00402089362
399 0.187725077678 -1.11559617147 -0.62799128344 2.23657846254 -2.60967190122 -1.36759381186 -1.56747061552
400 0 0 0 -1.57079632679 0 1.57079632679 0
401 -0.797842554659 0.777666927258 -0.588511037682 -0.930724107992 -0.266199564243 0.956876172187 0.0
