100
0 0.897627197617 0.0900137266144 0.0656369332746 1.98706942151 -0.00748576677827 -0.669166459094 -2.82793979195
1 2.94198811597 1.45395273805 -1.21812157689 0.306065157726 0.739163704331 1.31161940475 2.4035665029
2 -1.09730319023 -1.95394047437 1.6657482963 2.04331992663 -2.43172757879 1.53790607478 -0.756700773105
3 2.49593285721 1.04117492351 -0.752404557332 1.97489452084 0.226552489625 1.27812299702 -2.55247587484
4 -0.198428301815 0.0119320439573 1.60904942241 0.558677093813 1.35467904168 -1.27145555422 1.27227308293
5 -1.07321053867 -0.566857643163 1.18867187218 1.25653933802 -1.37444889394 -1.61570352797 -1.86842288704
6 -2.27513185933 -0.730908528654 1.7923356147 0.588077171465 0.771231812684 -1.67339885384 -1.77144987174
7 -1.41613279145 0.746139569784 2.64886044373 1.86930224788 -1.48536404706 -0.230978354524 -1.69644524369
8 -0.749721347786 -1.38023283482 1.07749585136 2.25885370121 0.273107891838 0.912936808035 -2.5743715719
9 -0.474309138765 -0.436948229079 0.974139567976 1.61258172276 1.25367661123 1.27452369481 2.13939742402
10 2.32029430426 -1.05695216837 1.33906291877 1.87511871911 -0.679945808352 1.94855036554 1.43249742907
11 1.74380478903 -0.167025092073 -0.692674919599 1.27787156083 1.24805128644 -1.73697559408 -2.62412497227
12 -1.61496611441 0.922302782714 0.668181846118 1.17844319864 -2.31508318967 1.14278125059 -1.74414451779
13 0.0489495041434 0.293383159687 0.743830668073 2.24915218258 1.28611990203 1.64039015335 -1.35027407872
14 0.642801313216 0.0688154543827 -0.0147232490828 0.396779845832 1.83773289509 0.0218751047408 0.0989634378702
15 0.102415044818 -0.244629055828 -0.222683927401 1.90341639958 -1.6808891841 -2.04755566531 -2.30569760557
16 -0.898776507143 -1.57553964915 1.97373159204 1.17972216375 1.97945638025 0.184311612696 2.94243821311
17 1.20192442502 -1.15073444494 -1.47650712584 1.02003690431 -0.248765146399 1.32992535294 3.03389139276
18 0.766053621777 -1.33463743803 -2.73542977127 1.32323380291 -2.31809334043 0.28658157744 0.992218125265
19 -2.51192421379 1.50522296778 1.44736886828 2.2653551002 2.02355421497 0.460682719639 -0.987902735644
20 1.39872222664 -1.16185846275 -0.69164145046 0.820638666104 2.63609015786 1.88075963171 -1.6268970363
21 -0.503801119002 0.177890969987 -0.577222579828 1.98932724589 1.61442193459 1.82129144392 -0.0160716782148
22 -1.28127879668 -1.26326937158 -2.66666776277 1.31123428314 -0.8471235379 -1.62501617959 -1.12472785396
23 0.741754308153 0.232886643134 -0.657821213726 1.07240903639 -2.12054356696 -0.545886502326 -2.1700614639
24 -1.49476258578 -0.460453256903 1.22318946339 1.49181986192 1.78881294743 -1.1020507316 -1.98687757057
25 -2.9261868032 0.593963904424 1.73521336351 0.200868953174 -0.894981225908 1.42097245329 1.56387378365
26 2.36478455368 1.59923299317 -2.49695323987 1.49561177503 1.89632033652 -0.454314308812 1.93865694343
27 0.951322587255 -1.41862019127 -0.314494024966 2.07738480772 0.721552752874 0.0277401814237 -3.01787210883
28 -2.25683666043 0.957147734727 2.03055873617 2.17651580818 1.08008778331 0.826236022501 -2.26782393026
29 -0.54028459483 0.438784085227 0.084653996484 1.34439478308 -1.54558922965 0.114129719905 -2.56283749813
30 -0.192879348733 -0.279984227167 -0.936813688066 1.15690737154 -2.05125287778 0.156568568419 0.455258041016
31 -0.700071093643 -1.76444771713 -1.92025106892 2.06780984355 -0.64038929317 -1.90238796454 -2.31138064856
32 2.11524197582 1.47459550756 2.63370400254 0.863038830211 -0.86113984873 1.07906627707 2.11098340462
33 2.53823646153 0.541307736668 -2.1544411671 2.27606151243 -2.67056517532 0.41220819808 -0.346005799611
34 2.37547961165 1.16884985577 2.30726284926 0.771429621617 0.878963037842 1.47375276338 0.0264907534208
35 0.63142462531 0.583215190601 1.8244161895 2.27262808266 -0.753748596604 -1.13833072005 1.67046560146
36 0.272421504185 -1.97801298706 1.68578097542 1.98161783655 -1.30385833901 1.57828103874 -1.87426022252
37 1.80956995437 -1.42751498161 -2.18800178044 0.756751735731 -2.23769078267 0.175495910987 2.94204225779
38 -1.23551252389 -1.43034628204 1.17126154952 1.94227666256 -1.42692198427 0.616060157968 -2.82099304894
39 1.90489887903 1.26981398424 2.4073104878 2.2287517113 0.491937568057 1.55340147022 2.7417528489
40 -2.54314357939 -0.551812148685 2.10949293241 0.620127133021 0.41362376634 0.569139120842 2.95752861975
41 1.49192230992 -1.23723820302 -1.18816106116 0.521375275878 -2.94623969407 -1.17765692406 1.83082199121
42 -0.727455420541 -1.85127005594 -2.78694475499 0.231060288578 -0.269858534149 -0.247680431528 -1.93826879165
43 -0.358505484469 0.657581740943 2.6650483284 0.944316551275 2.30814063639 1.3313769143 2.21474401594
44 -0.926754858535 -1.15259137974 -1.3649612233 0.736569977317 1.29996971586 1.68463272957 -2.38905018144
45 -1.3333064772 -0.855796410986 0.45157104002 2.01647785812 0.341840022083 1.36265143416 -1.6293400272
46 1.36916142329 1.75562715441 -1.90446221964 1.76700910401 2.32442439672 1.59601278628 0.588065597722
47 -1.40926547159 -0.92275966799 0.80409115967 0.918911802209 1.05251245979 0.435414981363 -1.48591509127
48 1.41104529572 -1.72898934401 2.56950702361 1.11334771313 -2.33578758823 -1.40818464364 1.74535708929
49 2.29708583557 0.15085895716 -0.583777634249 1.46950534383 -0.959066987736 -1.54985175806 -2.53527092193
50 -0.371598165749 -0.819656633064 1.47046364412 1.75199104545 0.250494421402 0.810233879133 1.42213877399
51 -1.09900746708 1.15223162493 1.54885844915 0.654583955191 -1.59736050663 -0.705083094573 1.46026338252
52 1.57708193898 -0.195296473077 -1.94872468954 1.91752048433 1.59216655918 0.834996653996 1.87973378149
53 -0.0221166837824 1.29496378576 -1.12522246645 2.13027359744 0.814758437507 0.241696820912 -0.343299982007
54 0.0877027883629 0.238283456632 1.57311138793 1.39087450724 -2.60032601167 1.84135960923 -1.01369682061
55 0.44083383958 -1.87383906252 -0.851370771374 1.39212837298 -0.65218256842 1.80743907661 2.75804034675
56 -1.43053463434 -1.14352205324 -2.47848470598 0.804448681522 0.417193974436 0.0660396016075 2.88257283602
57 -0.614905838548 -0.697783706177 2.19480184175 0.712401729316 -0.107613242119 1.75929689855 -2.38757218971
58 -0.921938243108 -1.9768118121 2.52213196202 0.696923861369 2.17338116576 -2.03902258335 -2.36868803425
59 -1.07479973682 -1.81525993388 2.35716810015 2.00746869824 2.13649769117 -1.40038992682 -1.96914569001
60 -1.36475911474 -0.813581630769 -0.14635928389 1.89453339325 -1.52345783252 -0.175643565808 -0.86939452609
61 -2.47875410076 1.19460268263 2.15474766454 0.973219549875 -2.41038849483 0.880673769279 0.0148129382503
62 2.8941750968 1.72480384505 -0.562217259869 1.05249208019 -1.89367232721 1.0718527902 1.40447467783
63 -0.119404400603 0.637711321352 -1.90831775915 1.50162442477 -2.33151152526 0.0954503550568 0.775429033274
64 -1.20874110997 0.809863356459 2.53962206956 0.993439959802 1.18561305198 -0.40075061728 -1.91272025935
65 -0.617378471251 -0.410345675875 0.151654185074 0.793779966365 1.07796500857 -1.01274484612 0.0346109280946
66 0.596555274357 -0.878480874478 0.0503284138148 0.429433279636 0.704057115808 -0.354282663289 0.832151657725
67 0.00109441192964 0.599277534402 -1.20140790702 1.60715821531 -1.69396476627 1.25935195435 0.0538102155251
68 -0.200193150898 -0.249960205654 2.13164916891 0.588382871162 -0.626077939663 -1.14609189176 -1.04846308734
69 0.379468731707 -1.0658863323 -0.04622579999 1.17464752459 1.80633169615 -0.607719463104 1.62309243754
70 1.38081181546 -0.675075240209 2.34512277136 0.985208266578 1.24770763907 -0.328200457429 2.59215326091
71 1.48383482862 1.81302822027 -0.848657988105 0.868409717209 1.16347381197 0.134399531416 1.10456984609
72 1.21954915168 -1.81836555753 1.1539180106 0.607711016277 -0.333983682513 0.945523080427 1.68563876237
73 -1.55385279266 -1.12848441422 1.54237886295 0.237925480707 -0.770815704669 0.407729500725 0.118748886759
74 -2.47276024562 0.347341393821 -0.836233792467 0.961324896717 -2.14007883307 1.98656343464 2.59492050171
75 0.87485337448 0.11533254257 1.12446972285 0.530976111311 0.976630643159 -0.0720123729547 2.8388198417
76 0.39362094982 -1.95284954212 -0.951230671278 1.96308007288 0.891726707527 -0.934900869027 1.18421601767
77 -1.08726394038 0.193066197614 -1.98063491459 1.85797621942 -0.516932517054 1.55406804791 0.986175244536
78 0.282496931314 -0.71517862028 -0.982159529062 0.885026867513 -0.453406564826 0.745310084941 0.728075680509
79 2.20208849925 -0.239713976419 2.87524196021 1.02463312294 -1.88247327534 0.0311767613275 -0.980509964314
80 2.79906117949 0.83280416049 -0.696779911593 2.24492823661 1.26945510356 0.822238852445 -2.02917657418
81 -0.680028258424 0.477810206396 0.690336898641 1.94647942215 2.76533705399 1.58674262205 2.10504082729
82 -2.83698212862 -0.457498898749 0.169908011086 1.16200909563 -0.860992774511 -0.389341888773 0.0714141264757
83 -2.93757203322 1.576904403 1.92588192335 1.93148402772 2.12816769961 -0.107093429174 1.48636822591
84 0.0277550456843 0.435928268451 -0.446815325842 0.99367763072 -2.21054783626 0.900055260342 -2.15856758181
85 -1.07974931031 0.182744296202 -0.945443587173 1.01813001614 0.149370619433 -0.856305877605 2.34569664035
86 -1.98889281456 1.58154057135 -0.270388470906 0.228512495147 2.13052393686 -1.97064916588 -0.820133284832
87 -2.39695927743 0.417034881907 1.42616377633 2.17186565051 1.75995582536 1.92440945625 -0.511272555818
88 2.31800306878 1.62502912799 -2.26893517687 0.403805885716 -0.364351981511 1.60747252545 0.57319220635
89 -1.09799368141 -1.21050087153 2.02188327055 0.267153770109 2.42570925306 0.969158182925 -2.48366668792
90 2.34271144117 0.601987951083 -2.47372101235 0.493047813341 1.37434087705 1.54067762568 0.833958961622
91 -2.17509001646 1.49386311702 0.100024223897 1.65227340918 -2.20312166568 -0.551211574028 2.3848263702
92 -0.41460760022 1.00872184494 0.78423853946 1.35396844594 -2.65925195114 -0.429053373942 1.10217471462
93 1.18536366302 -1.16587414364 0.682925102108 1.61337739633 -2.58851860442 -1.29856161263 -2.75842106756
94 1.5130347297 -0.596771048102 -2.80151319138 2.20193924644 -1.05828217281 1.89383188818 -2.41358428895
95 2.33184088546 1.14994408686 2.25040792147 0.272985471414 -2.62197013964 -0.669122026994 1.05970913538
96 -2.67658691255 1.10198049699 -0.825913797009 0.999905778052 -1.75162452975 0.0722425879404 -1.99914263504
97 0.804986601121 -0.853697036272 0.813277033506 1.26956441015 0.640347964437 -0.423439405031 2.96247278264
98 -0.349838335588 0.438866412186 2.81355632741 1.81169994184 1.31746917559 1.47361956806 -1.28554166024
99 -2.79962710806 0.476288253617 2.49947748107 2.21573321334 2.34465419466 0.0523703316937 0.247063004208
100 0 0 0 -1.57079632679 0 1.57079632679 0
