0 82 1.65215083254
0 12 2.5896793622
1 66 1.96147582855
1 14 3.36995230982
2 50 1.99526393108
2 91 2.54062426553
2 59 2.72956002185
3 27 1.77693599021
3 42 1.86411386179
3 76 2.20795317353
4 63 1.67268189723
4 66 2.24033806081
4 46 2.58974362995
5 69 1.80461414856
5 22 1.86701529829
7 61 2.51401072075
7 50 2.5984819141
7 82 2.83103202524
8 24 2.44521205059
9 11 1.77977585028
9 62 2.91880621059
9 36 3.08058887247
10 45 1.69609862901
10 35 1.78562120838
11 36 2.92383859653
11 44 2.9619739439
12 82 2.57215766115
13 72 1.81540989043
14 81 3.14442412242
14 83 3.22103631452
15 73 1.15401155865
15 23 2.03969481014
15 36 2.07511752717
16 20 2.130136658
16 55 2.45180074772
16 85 2.93140308506
17 88 2.84175862558
18 43 2.32014473642
18 41 2.38618952495
18 65 2.66993714448
19 52 1.53283864187
19 61 2.19671636252
19 69 2.20126404915
20 85 1.71503401318
20 31 1.89999184274
20 55 1.98821109602
21 22 2.1850875254
21 67 2.23769319471
22 69 0.975750752979
22 87 1.74273591608
23 47 1.93467301827
23 73 2.21070552021
24 74 2.44293655498
25 51 2.73447278024
26 37 1.73297093094
26 98 2.36143972375
27 76 1.49351067261
28 95 2.84165173428
28 47 2.85879917878
29 90 2.66521732595
29 64 2.6733346625
31 85 1.81019555755
31 55 2.44848605397
32 45 3.30306537119
33 75 2.18050318917
34 73 2.25843538852
35 65 1.69068033796
35 43 1.82923125349
36 64 1.63382277569
36 73 2.21474606923
37 54 1.82289190389
37 98 2.6155595629
38 58 1.97946002173
38 94 2.82813360938
39 70 2.06188227262
39 72 2.43531937155
39 71 2.54038043936
40 78 2.35230050629
40 82 2.60650421567
41 65 1.76279680711
41 43 2.07289928554
42 98 1.64651987151
42 93 2.7881724244
43 65 1.45144482089
44 91 2.29329500478
44 59 2.70426717097
46 66 1.78359730523
47 73 2.8198746667
48 52 2.05292654323
48 67 2.33682321278
49 50 2.28597692953
49 84 2.80916375067
49 91 3.04252117286
50 91 1.98717509226
51 99 2.0623341682
53 91 3.27239411236
54 75 1.63846846628
54 56 2.37475035295
59 91 2.09718540857
62 87 1.84415326482
62 69 2.34497114994
63 66 2.44602081738
63 89 3.00653093806
68 74 2.46148073281
69 87 0.943834214065
70 71 1.21788710458
77 99 2.62390074181
77 97 2.79308643499
78 86 2.04912393081
78 84 3.09494851494
80 99 2.87487227198
81 89 2.92893908241
84 86 2.41687291044
84 91 2.84975619732
114