0 3 0.4446 6 4 5 
0 2 0.4497 
0 16 0.4719 
0 1 0.5736 2 5 
0 18 0.6742 
0 4 0.9282 
0 14 0.9464 
0 19 1.2452 2 
0 17 1.2504 2 
0 8 1.2708 
0 21 1.2961 
0 20 1.3173 2 
0 97 1.4300 
0 5 1.5183 
0 92 1.6697 
0 98 1.7662 5 2 
0 73 1.7929 6 4 5 0 9 1 2 
0 9 1.8161 
0 78 1.8509 
0 70 1.8692 
0 59 1.8723 
0 26 1.8761 
0 82 1.8874 
0 67 1.8989 6 
0 15 1.9203 
0 94 1.9564 5 2 0 
0 39 1.9830 
0 75 1.9982 
0 88 2.0235 6 
0 58 2.0256 6 4 0 5 
0 32 2.0307 
0 71 2.0513 
0 69 2.0662 
0 7 2.0841 
1 2 0.4909 2 
1 3 0.5292 2 5 6 4 
1 16 0.7698 2 5 
1 17 0.9724 2 
1 18 1.1031 2 5 
1 8 1.1295 2 
1 5 1.1812 2 
1 19 1.1975 2 
1 20 1.2436 2 
1 21 1.2913 2 
1 14 1.3329 2 5 4 6 
1 4 1.4714 2 5 
1 98 1.5530 2 
1 97 1.6176 2 5 6 
1 9 1.6333 2 
1 7 1.8007 2 
1 73 1.8356 2 5 9 1 0 6 
1 94 1.9015 2 0 
1 59 1.9180 2 
1 92 1.9376 2 5 6 
1 6 1.9685 2 
1 82 1.9947 2 5 
1 75 2.0094 2 
1 26 2.0335 2 
1 67 2.0410 2 5 1 6 4 
1 32 2.0691 2 
1 74 2.0977 2 
1 78 2.1136 2 5 6 
1 58 2.1207 2 5 6 1 0 
1 84 2.1237 2 
1 80 2.1622 2 
1 63 2.1635 2 5 
1 70 2.1654 2 5 6 
2 16 0.7127 
2 3 0.7128 6 4 5 
